Filename;Index;DataIndex;Time (s);Frequency (Hz);-Z'' (Ω);Z (Ω);-Phase (°);Z' (Ω)
C:\Users\labor\AppData\Local\Temp\EIS at open circuit potential\2-EIS frequency scan-FrequencyScan.txt;1;1;310,97901478;100000;0,827810675841568;2,72295244527443;17,6987434352546;2,59407006539699
;2;2;312,60332592;79432,8234721399;1,01873072439545;2,8126732652718;21,2349403033248;2,62170147201154
;3;3;313,98409884;63095,7344477959;1,23543829215546;2,93829667342961;24,8636771644271;2,66594815541554
;4;4;315,15350132;50118,7233625298;1,50693255617092;3,11004783116682;28,9821278364585;2,72057931023847
;5;5;316,68201884;39810,7170550419;1,84139194885725;3,34721280030486;33,3757222953933;2,79519395055306
;6;6;317,7816586;31622,7766013657;2,2440531670374;3,64712339583304;37,9732864433569;2,87501903436172
;7;7;319,5135536;25118,8643150248;2,74631106527058;4,05335006943164;42,6517896207189;2,98117800846139
;8;8;320,62107144;19952,6231495358;3,35247183422337;4,57105644947296;47,1732790598809;3,10732838062014
;9;9;321,54918216;15848,93192441;4,09656353735315;5,2384411445565;51,4458598661063;3,26487868218882
;10;10;323,00744008;12589,2541178838;5,0075905059743;6,0852617285613;55,3766318886996;3,45752044528573
;11;11;324,41790976;10000;6,11812429050433;7,14601620021069;58,8879851074656;3,6924385844066
;12;12;325,6242247;7942,85714280639;7,47882143010384;8,47438758587869;61,9479302552449;3,98528229518492
;13;13;328,17779358;6309,99999982236;9,16825249335515;10,1460184040909;64,639472122073;4,34566861072465
;14;14;329,12777122;5012,49999968914;11,1952267173998;12,1767569244786;66,8375229853658;4,78960415314829
;15;15;329,59714834;3980;13,6756348513419;14,6829506892598;68,6534103448979;5,3447219156846
;16;16;330,16618526;3162,85714280639;16,6873093693344;17,7396896970248;70,1654793075588;6,01916078526343
;17;17;330,64408974;2512,49999968914;20,3665459929556;21,4887786272951;71,4013412330057;6,8535692314091
;18;18;331,0832623;1993,33333309649;24,8822396148926;26,1039676078959;72,4013160970819;7,89248228513379
;19;19;331,45840272;1585,71428561278;30,3194804212497;31,6735370233297;73,1861481069818;9,16198966129601
;20;20;331,7758783;1253,99999982236;37,1117271061501;38,6489415990666;73,7861505258003;10,791681885911
;21;21;332,11392202;1006,66666654824;44,8246180992987;46,5849856572594;74,1986750578142;12,6852079580542
;22;22;332,66073582;793,333333096486;54,9504075441461;57,0201419202112;74,5152820305663;15,2233142033289
;23;23;332,95085566;629,999999822364;66,9374630601125;69,3988203708393;74,6947321365087;18,3186328076112
;24;24;333,23297226;506,666666548243;80,5646983989095;83,5000023915696;74,7629304316443;21,9449258664701
;25;25;334,1967565;393,333333096486;99,9125230368547;103,525908702754;74,8175585833184;27,1127555431185
;26;26;334,48903472;317,142856838339;119,766100665458;124,149854295486;74,7287754014269;32,6996552425513
;27;27;334,77024192;257,142856838339;142,82296631768;148,145007587347;74,5956974368607;39,3515382834517
;28;28;335,05693002;193,333333096486;181,094676024445;188,083469811206;74,331858827481;50,7947825256132
;29;29;335,35375962;157,499999777955;214,591230598156;223,130731190349;74,0973654537476;61,1385880758515
;30;30;335,65574534;125,999999822364;257,827132473128;268,464740575111;73,8169429958312;74,8230358428868
;31;31;335,96698602;106,666666548243;295,55130518929;308,086648422386;73,5996561644652;86,9874067727378
;32;32;336,24601418;80;373,433024329214;390,138949130556;73,1722802078747;112,943242245967
;33;33;336,53091514;65,9999998223643;436,093697990683;456,371609143613;72,8560350198917;134,526325323863
;34;34;336,85587282;53,9999998223643;512,443149623034;537,240110351614;72,5241861952037;161,334914308833
;35;35;337,14088614;40;650,907885229939;684,43717225539;71,9917265816772;211,596710065262
;36;36;337,3925493;29,9999998223643;816,911013757732;861,840075436801;71,4179783544272;274,635597165091
;37;37;337,6511161;25,7142856127796;921,732115252416;973,969664770556;71,1497656933103;314,6852643604
;38;38;337,91179246;20;1121,44075485929;1188,61246730876;70,6456990664894;393,916527683781
;39;39;338,17137886;17,1428568383388;1263,01455157047;1341,46799005936;70,3078510721538;452,029435850296
;40;40;338,42185882;12;1656,61565846351;1767,38929891818;69,6068368469587;615,86483424857
;41;41;338,6642317;9,99999982236431;1896,15161950855;2030,20645403737;69,0623494925884;725,497954407936
;42;42;338,92306658;8,57142841916941;2124,09429037857;2280,18829831561;68,6766904296155;829,145416291132
;43;43;339,22639198;5,99999982236432;2747,57835727127;2957,80665157845;68,2677430775436;1095,18644932096
;44;44;339,56223778;4,99999973354647;3145,7479736786;3385,64097001328;68,3017701137273;1251,73258483171
;45;45;339,9478361;3,74999980015985;3895,74154565171;4195,99669536152;68,1933120986404;1558,7129552833
;46;46;340,40071678;3,15789458725416;4438,56088924484;4759,98631880345;68,823723828331;1719,49032787685
;47;47;340,91421454;2,49999986677324;5316,94724846278;5681,9866716483;69,3504593127256;2003,75759358585
;48;48;341,51868266;1,99999982236431;6305,36098088756;6723,86576776188;69,6784381090325;2335,12178774057
;49;49;342,24264866;1,5789471159914;7638,63435569023;8091,00390938434;70,7501374849434;2667,5099703172
;50;50;343,1180417;1,24999993338662;9315,59391522881;9846,98068174889;71,091193933914;3191,04035594784
;51;51;344,17977794;0,999999733546472;11191,2149103775;11780,1838216182;71,805755088272;3678,2386682841
;52;52;348,8919102;0,794328163631598;13570,9083822085;14294,8611253649;71,6872778762615;4491,49198765549
;53;53;351,47473546;0,630957334661811;16487,2351040265;17380,1015026142;71,5548697394956;5499,0005333451
;54;54;354,427095;0,501187006056222;19973,9280181096;21123,7910360508;71,0082596927609;6874,35431601518
;55;55;357,8550911;0,398107149667568;24161,4045253879;25703,4157906442;70,0528218996451;8768,81489525829
;56;56;361,8671771;0,316227757014633;29008,6950084582;31107,6885127216;68,8318894905729;11233,160664335
;57;57;366,6134875;0,251188582572927;34578,8326801267;37512,5911959698;67,1895855262016;14542,9993026114
;58;58;372,3004623;0,199526085755936;40964,1476830798;45038,5825043258;65,4411113191795;18719,3087104677
;59;59;379,16243804;0,158489045074078;48430,3888737048;54228,8849092427;63,262059923562;24398,1432088924
;60;60;387,5133903;0,125892186330241;56123,7116080028;64460,0187884637;60,5371462749986;31705,252207652
;61;61;397,7233597;0,0999996536104142;64515,4493613444;76008,7395059986;58,0802936830295;40188,1235565255
;62;62;410,28252864;0,0794326387274748;72076,4179528419;88831,4882902305;54,231339708113;51923,2441874023
;63;63;425,82491118;0,0630954847762221;78531,7688712123;101291,619184921;50,8325767369534;63974,6308708496
;64;64;445,07310762;0,0501184874428002;84745,283214299;115537,587603089;47,1794979680332;78531,3384711455
;65;65;548,6945218;0,0398106439124828;83960,9803435083;123338,374198647;42,9012525097576;90348,8147665623
;66;66;578,59716558;0,0316227046471893;92986,5910337358;142087,293078246;40,8766590179553;107435,062908848
;67;67;615,86901506;0,0251187516758817;91390,0918693696;153281,083429052;36,6000451949885;123056,66030448
;68;68;662,5284764;0,0199523954127716;99203,5060580598;172382,72041093;35,1335375491314;140976,830302222
;69;69;721,0219718;0,0158486558174488;96075,1445786279;189286,354009394;30,5017770285229;163091,662596117
;70;70;794,24550458;0,0125890409973391;94429,4927127325;195255,662392561;28,9220810592859;170903,026896465
;71;71;1192,9197085;0,00999982325249341;114990,156025978;216243,075231947;32,1246792387015;183134,736199583
