Filename;Index;DataIndex;Time (s);Frequency (Hz);-Z'' (Ω);Z (Ω);-Phase (°);Z' (Ω)
C:\Users\labor\AppData\Local\Temp\EIS at open circuit potential\2-EIS frequency scan-FrequencyScan.txt;1;1;313,24588474;300249,999999822;3,11247214255749;11,336589911065;15,9352587303339;10,9009535350566
;2;2;314,97968568;237888,189591632;2,87357826219321;11,3278685991544;14,6949885311324;10,9573333877709
;3;3;315,91435922;188239,6971745;2,63290880107959;11,1509457267147;13,6573745043706;10,8356532726613
;4;4;316,69180362;149109,802819593;2,44008720429652;11,0474236988289;12,7603646426224;10,7745786375559
;5;5;317,97219088;118113,945307927;2,50611821563614;11,1300221541641;13,0127224215461;10,8442041958569
;6;6;319,0275585;93561,2804282157;2,64192980309578;11,2105180409521;13,6308416190539;10,8947657919768
;7;7;319,69095382;74112,4443229811;2,86673169881859;11,3714462615734;14,601762667616;11,0041646410275
;8;8;320,7347365;58706,4903169456;3,21959845156166;11,60893052588;16,1013967853412;11,1535399656526
;9;9;321,93408214;46503,0135872647;3,70406211279874;11,8635078867156;18,1932606003104;11,270436692635
;10;10;322,86538582;36836,3065313355;4,32803815249818;12,2434905137002;20,7013620051646;11,4529972369501
;11;11;323,83786986;29179,0439846384;5,11227692295524;12,7291492796908;23,6794719207584;11,6574382283447
;12;12;325,10044806;23113,5172883486;6,12102447715923;13,3875382070922;27,2077402820648;11,9062688780479
;13;13;325,8297719;18308,8480117993;7,36341609163471;14,2500305252659;31,1131506088745;12,200142352959
;14;14;326,69392646;14502,9383166301;8,91948106579109;15,4057668685245;35,3781497488515;12,561071225191
;15;15;328,06414418;11488,1733511123;10,833265518986;16,9173677118539;39,8189332972555;12,9937557500988
;16;16;329,2423491;9100,09572289686;13,1850587749909;18,8847927493475;44,2814812521721;13,5199712383512
;17;17;330,2450736;7208,33333300767;16,0697231430042;21,4213050881484;48,6055213997869;14,1646147066106
;18;18;331,3180868;5709,99999982236;19,606015777064;24,6528809417749;52,6819887567246;14,9455238810437
;19;19;332,11185582;4522,49999986677;23,9581777426042;28,7649730546566;56,3971951055232;15,9194658857922
;20;20;332,71715876;3582,85714280639;29,255865356825;33,8752287747629;59,7273115764442;17,0770450244136
;21;21;333,1178294;2837,14285683834;35,750633877394;40,2513236688832;62,6460905552342;18,4948975250399
;22;22;333,54483384;2244;43,7465559076007;48,1914075054097;65,1985304157636;20,2151082998737
;23;23;333,99373992;1781,99999982236;53,3517761004103;57,8140200207685;67,3414860089093;22,2721552143816
;24;24;334,34398176;1409,99999982236;65,2828042304342;69,8284823767571;69,2123560573619;24,7825023525043
;25;25;334,63195886;1116;79,8832744581579;84,5856888371063;70,8052501895236;27,8100920151372
;26;26;335,0011058;884,999999733546;97,7160207703288;102,66773670036;72,1326699490765;31,4998959361304
;27;27;335,336486;706,666666548243;118,822681445288;124,07982284734;73,261855407899;35,7347563581854
;28;28;335,66233628;557,142856838339;145,908348909376;151,645925968172;74,1887783159053;41,318767906173
;29;29;335,96009366;440;179,316880328844;185,64157558918;75,0010589997476;48,0442610138217
;30;30;336,30616216;342,85714280639;223,040629702819;230,015106922943;75,8544833172732;56,2123377430863
;31;31;336,60806184;274,285714031949;271,232314815359;279,075108530187;76,3844612427797;65,6958720243343
;32;32;336,90884252;220;326,832432551156;335,787032709903;76,7383167235707;77,0291657024504
;33;33;337,1976541;171,428571225559;408,507753324019;419,12096330927;77,0785260920031;93,7219150436686
;34;34;337,49418796;137,142856838339;498,472414101324;509,897415644842;77,8482555545476;107,33418309787
;35;35;337,77678472;108;613,337086462447;627,534750687587;77,789051032219;132,730861860714
;36;36;338,0546058;85,7142856127796;752,426932576915;769,043384574682;78,0679120599689;159,001378896466
;37;37;338,3703422;68,5714284191694;911,141906421848;930,935091976152;78,1639094715733;190,94651563882
;38;38;338,69239604;53,9999998223643;1135,96242021938;1159,20522002049;78,5070894684698;230,967794231352
;39;39;339,01293428;42,8571428063898;1378,87376206661;1401,67184777754;79,6520563203162;251,77592644327
;40;40;339,32599204;33,3333330964858;1726,14005760687;1763,76525738491;78,1441764989692;362,364988213552
;41;41;339,63047124;29,9999998223643;1904,04550103125;1951,30080544104;77,364827571762;426,832008309446
;42;42;339,92561424;22,4999998667732;2463,55479188509;2514,37807938445;78,4604737987336;502,985997289241
;43;43;340,22794664;17,1428568383388;3134,14749731771;3199,72080915548;78,3804413669983;644,463126640852
;44;44;340,5188266;12;4204,96168146728;4291,18919706267;78,494601681586;855,921715099744
;45;45;340,78939952;9,99999982236431;5022,93621977941;5130,27678278212;78,2588857230465;1043,95957775262
;46;46;341,07823436;8,57142841916941;5851,96689003597;5998,68965715164;77,3016471799757;1318,62091623819
;47;47;341,4043598;5,99999982236432;7723,86484565151;7863,60768927887;79,1822546817022;1475,88540781273
;48;48;341,7682056;4,99999973354647;9168,01385038239;9412,02049966082;76,9250578101324;2129,23740461983
;49;49;342,16537532;4,28571420958471;11266,8951059645;11535,3180105812;77,615502122307;2473,99197177998
;50;50;342,61309756;3,33333327412144;12106,6850845679;12318,535808998;79,3586325502867;2274,75289661699
;51;51;343,14493076;2,6086954977081;17993,6434941018;18653,0532403267;74,719832103224;4915,81010552988
;52;52;343,76083948;2,06896545598769;15610,4101937183;22009,9999873208;134,826747170725;-15516,2879911955
;53;53;344,49544348;1,62162160241776;20294,3623235789;21450,6808413743;71,1015440777752;6947,70224159055
;54;54;345,38107188;1,27659554814775;27177,4617118986;33451,6751568853;54,3349650022234;19503,8495097779
;55;55;346,45354876;1,0169490200683;32129,4834566678;36064,9961496269;62,9836855658408;16382,3148571962
;56;56;351,13746682;0,814413785808135;46999,6728971755;47769,3149635886;79,7010641777433;8540,38638757279
;57;57;353,71914356;0,645119162014314;47622,4333686132;48634,0606292599;78,2933315244879;9867,91230922348
;58;58;356,6716111;0,511016654322467;70352,9227059623;74101,6573483644;71,6973438523896;23270,6228645327
;59;59;360,08189404;0,404790159409376;74807,1964745341;76832,0865749021;76,816658647715;17522,92450117
;60;60;364,08090928;0,320645201229701;84834,9680441932;89827,3547345845;70,8080250808315;29529,3388946248
;61;61;368,8158538;0,253991673682536;91313,0417246704;93208,7708480469;78,4245944212555;18703,031144505
;62;62;374,50172622;0,2011937295669;187098,670812217;241370,309062749;129,181187179431;-152491,683305513
;63;63;381,34985976;0,159371183885885;135497,061829677;135684,729730761;93,0138193094113;-7133,87115346344
;64;64;389,6846544;0,12624212862973;279252,676653702;280682,770943068;95,7862428548117;-28297,7116746496
;65;65;399,950705;0,0999996536104142;226377,386358085;234851,86678854;74,5612609917767;62519,4232198614
