Filename;Index;DataIndex;Frequency (Hz);Time (s);-Z'' (Ω);Z (Ω);-Phase (°);Z' (Ω)
C:\Users\gpnan\AppData\Local\Temp\1 EIS GC 10A Li2SO4 saturado 1000\2-EIS frequency scan-FrequencyScan.txt;1;1;200249,999999822;288,05117666;3,23778187137377;25,9152278493918;7,17714224909769;25,7121722738335
;2;2;158860,485739096;288,9575348;2,7484904416478;26,1328260441049;6,03718402732385;25,9878894361127
;3;3;126183,269646263;290,44237136;2,46084248309142;25,8864706593695;5,45493901514014;25,769237813172
;4;4;100227,677540783;291,6732728;2,46849010028517;25,8109916425018;5,48799373639355;25,6926807903358
;5;5;79611,0876933198;293,71228178;2,16794106925388;25,9382006177221;4,79443249681567;25,8474424809389
;6;6;63235,2803058247;294,65185206;2,14892079966682;25,9226289003378;4,75513300252425;25,8334052827224
;7;7;50227,936726169;295,88365126;2,60045625050004;25,4791225019945;5,85793569060273;25,3460709136718
;8;8;39896,1721300446;297,6335647;2,45029937683665;26,1194972940342;5,38289659113855;26,00431063991
;9;9;31689,6264184765;298,59889942;2,79909576600216;26,311826173755;6,10677578518305;26,1625163065529
;10;10;25171,1472286302;300,11303614;3,15616435962542;26,4940481458371;6,84173913641787;26,3053837396257
;11;11;19993,5033766323;302,15098166;3,67035881120194;26,7159185927031;7,89653899307884;26,4625919450263
;12;12;15880,8882903356;303,18380274;4,31960345175439;27,0147935152595;9,20095863628772;26,6672101032654
;13;13;12614,2281387537;304,42104966;5,13226829382612;27,3935559784906;10,7983556854261;26,9084880903199
;14;14;10019,5120464972;306,02718194;6,13544824813329;27,8813892079039;12,7122826954878;27,1979436530981
;15;15;7958,3333331853;307,57732528;7,36018132915146;28,5183860083728;14,9564915471426;27,5522425824934
;16;16;6321,42857140319;308,47228408;8,85498208472416;29,3715657552056;17,5466038855059;28,004966830753
;17;17;5021,42857140319;309,35816056;10,6639242430576;30,4898956650728;20,4721917204619;28,5642163800332
;18;18;3986,66666654824;309,93004884;12,8690251113375;31,9765910732525;23,7315195227717;29,2726932370388
;19;19;3168;310,9508189;15,4952409335295;33,8391407303074;27,2522494587605;30,0829678352622
;20;20;2513,99999982236;311,38762386;18,6663425963112;36,27790402114;30,9665468769073;31,1071370306588
;21;21;1993,33333309649;311,98146236;22,4932911985075;39,3979954327344;34,8147374829652;32,3458481907169
;22;22;1586,66666654824;312,45126928;26,9898835694487;43,2591151528428;38,6023798932484;33,806763061768
;23;23;1265,99999982236;312,85260992;32,320724269829;48,0396754767237;42,2829442234923;35,5412605654698
;24;24;1006,66666654824;313,29005532;38,7894359570189;54,0248259070908;45,8890098715586;37,6040087281635
;25;25;793,333333096486;313,64016912;46,8794988737679;61,7481019903633;49,3942068256379;40,188812930425
;26;26;629,999999822364;313,95818896;56,3325519043394;70,9366339387859;52,572684294587;43,1120589917742
;27;27;506,666666548243;314,26890556;67,0412858446423;81,4834944073603;55,3619508457487;46,314423813012
;28;28;393,333333096486;314,70713032;82,155844192439;96,5244769611664;58,3358803736759;50,6694377080942
;29;29;317,142856838339;315,02820854;97,743001040573;112,129893813297;60,6561412552345;54,949238704134
;30;30;257,142856838339;315,3262157;115,905303395681;130,414137821415;62,7163396025084;59,7813347831758
;31;31;193,333333096486;315,6818038;146,556703614411;161,321889701456;65,2952811895671;67,4231764493977
;32;32;157,499999777955;316,0037334;173,718287916376;188,820840190539;66,9284937738097;73,9950412775357
;33;33;125,999999822364;316,33401916;209,572709651824;225,146646413791;68,5641903226113;82,2817826773876
;34;34;106,666666548243;316,6793598;241,284057686097;257,35423562644;69,6451195643535;89,5165130096205
;35;35;80;316,987388;308,479504746444;325,667546271088;71,3021170413409;104,401847903284
;36;36;65,9999998223643;317,30128892;363,77669284551;381,975517823791;72,2425297947743;116,498128564954
;37;37;53,9999998223643;317,64844664;432,361071472605;451,905376048293;73,0877352238227;131,4624386523
;38;38;40;317,98345992;561,186367211438;583,571455536923;74,0790809655454;160,079683200312
;39;39;29,9999998223643;318,26342308;720,555385553465;747,197155134981;74,6538125743299;197,746112456619
;40;40;25,7142856127796;318,55218988;820,578825730077;849,907984057366;74,9041225351636;221,345820217829
;41;41;20;318,85656628;1020,3220409414;1054,21786944687;75,4314566067849;265,175883198828
;42;42;17,1428568383388;319,14555264;1165,23915015315;1204,052096647;75,4126337274801;303,247711269877
;43;43;12;319,4251326;1579,97098869944;1632,19208602293;75,4675190109367;409,564012755012
;44;44;9,99999982236431;319,69590552;1849,76757344161;1911,66974779842;75,3794711043802;482,536163299295
;45;45;8,57142841916941;319,98374036;2100,47504414255;2172,77957304014;75,1774026269691;555,85579240919
;46;46;5,99999982236432;320,3159658;2859,66056140119;2971,27405071165;74,2459009461069;806,728552859647
;47;47;4,99999973354647;320,6811116;3292,8159611491;3418,46468588529;74,417382158208;918,293991402847
;48;48;3,74999980015985;321,09480992;4275,35868639834;4435,75493771298;74,5450218026839;1182,04482575042
;49;49;3,15789458725416;321,58059056;4915,02403351913;5158,65832811776;72,3207962832625;1566,61881010925
;50;50;2,49999986677324;322,12088832;5789,98378719814;6130,65743179309;70,8095443744798;2015,20427996332
;51;51;1,99999982236431;322,76425644;7013,02113691827;7549,26453304829;68,274429529736;2794,44619255381
;52;52;1,5789471159914;323,52742244;8283,23675543249;8769,13518033213;70,8372409394985;2878,4927765049
;53;53;1,24999993338662;324,44101552;10164,4285542965;10709,4952806835;71,6414924935099;3373,08187442649
;54;54;0,999999733546472;325,53965176;12018,6074123109;12899,4355506363;68,7038700234533;4684,92405421524
;55;55;0,794818438122252;332,77355642;14594,7445380334;15601,1193975173;69,308007085934;5512,56367991648
;56;56;0,631326106343912;335,38610512;17478,7291619383;18776,9558865261;68,5693727612404;6860,6194507607
;57;57;0,501463762453483;338,37433886;20622,7506834378;22366,060632421;67,2284660078839;8656,95226173157
;58;58;0,398313917604931;341,8342338;24427,3966137712;26700,3624316625;66,1874635987085;10780,1506787082
;59;59;0,31638158951786;345,87351584;28662,6142335277;31705,8480844141;64,6911648616223;13554,1634951007
;60;60;0,251302624682709;350,64768868;33457,9954475187;37516,732962321;63,1022470841917;16972,5599954727
;61;61;0,199610285070635;356,37405688;38922,9982706686;44235,3627892462;61,6311275843338;21018,2665012545
;62;62;0,158550862292465;363,2840185;45119,6094951204;51924,2270813638;60,3369678259702;25697,2021240616
;63;63;0,125937305794236;371,67061072;51533,0183658714;60568,0981901192;58,3018138723675;31825,1871396019
;64;64;0,100032338576458;381,91563424;58971,0125554495;70687,0690753686;56,5383016758074;38975,3949646562
;65;65;0,0794557313665273;394,50493574;66284,7553524926;81264,9780635268;54,6528726224228;47014,1241280287
;66;66;0,0631118272592439;410,0778594;74176,8096986254;93195,2990499022;52,7430583229526;56419,5415431092
;67;67;0,0501298561266415;429,36065184;81130,8822414317;105598,37332842;50,201179839184;67592,8723781981
;68;68;0,0398184598826237;453,33310966;90393,3660609853;119396,293931088;49,2080511855103;78003,2972164868
;69;69;0,0316276784463699;483,26862288;100365,020857932;135262,081814369;47,9024161163107;90679,0679536562
;70;70;0,025121949118212;520,57489928;110891,531866303;152752,547154946;46,5483814650548;105054,31367949
;71;71;0,0199545270409918;567,26759362;123408,359154365;165244,559903028;48,3158796022965;109891,498617375
;72;72;0,0158497216315589;625,79643506;142453,107870131;216498,174386015;41,1465735096618;163029,358002226
;73;73;0,0125893962687091;699,05202492;129449,683191924;195913,495071049;41,3570353398298;147053,993731773
;74;74;0,00999982325249341;790,80998476;147591,533405173;224735,616088684;41,0512666550329;169478,129579807
