Filename;Index;DataIndex;Time (s);Frequency (Hz);-Z'' (Ω);Z (Ω);-Phase (°);Z' (Ω)
C:\Users\labor\AppData\Local\Temp\EIS at open circuit potential\2-EIS frequency scan-FrequencyScan.txt;1;1;309,2456259;100000;0,79576733712816;2,79162932951735;16,5621242069725;2,67580803844025
;2;2;310,96013706;79432,8234721399;0,965414359226882;2,85941068689818;19,7323661536136;2,6915060080457
;3;3;312,21200994;63095,7344477959;1,12644855017974;2,95204179072213;22,4317631809906;2,72867447636537
;4;4;313,29281246;50118,7233625298;1,36047651325562;3,09837933822771;26,0460218767223;2,78371302048832
;5;5;314,8447299;39810,7170550419;1,62886450845237;3,26141319705989;29,962639272147;2,82552941146622
;6;6;315,98226974;31622,7766013657;1,98934081805619;3,51914407175353;34,4225081488785;2,90291200475894
;7;7;317,3198647;25118,8643150248;2,41987388501179;3,86021153867983;38,8200121275687;3,00756438068993
;8;8;318,63928258;19952,6231495358;2,9540578734285;4,31755774544652;43,1724487017845;3,14878499832877
;9;9;319,4242933;15848,93192441;3,59604357617085;4,90558058324498;47,1428321960242;3,33664374139502
;10;10;320,59325122;12589,2541178838;4,38364408756953;5,66358989807553;50,7148644161791;3,58607237058873
;11;11;321,9145209;10000;5,32058612450022;6,60952298123417;53,6090882344373;3,92137186852233
;12;12;322,8908358;7942,85714280639;6,4424795466341;7,78142352708309;55,886755516273;4,36405882167548
;13;13;324,03010112;6309,99999982236;7,75801217328582;9,20479543219164;57,4394200969992;4,95393844003386
;14;14;325,77668356;5012,49999968914;9,30882744739574;10,9250509141009;58,4367244683819;5,71860726316365
;15;15;326,69116068;3980;11,0810562433682;12,959039735449;58,768919709233;6,71914454348598
;16;16;327,08059756;3162,85714280639;13,0837733954832;15,3236315187122;58,6306967426381;7,97675100883286
;17;17;327,43010208;2512,49999968914;15,308989558418;18,0571730555929;57,973892937919;9,57582045883693
;18;18;327,9428746;1993,33333309649;17,7857239346144;21,2028141630549;57,0176065687023;11,542415369182
;19;19;328,63861506;1585,71428561278;20,4154035820264;24,7073240519675;55,7194501223617;13,916291114802
;20;20;328,9801906;1253,99999982236;23,3056848756639;28,7223730486819;54,234140845639;16,7874883774762
;21;21;329,34393432;1006,66666654824;26,118236469129;32,8547852426063;52,6514673394251;19,9317494736524
;22;22;329,70554812;793,333333096486;29,2876614844944;37,7416653956779;50,8960950116415;23,8047514502667
;23;23;330,02076796;629,999999822364;32,4485692296882;42,8752879489453;49,184026452526;28,0246440057872
;24;24;330,32958456;506,666666548243;35,469600836694;48,0313831863684;47,6010073220804;32,3870527723866
;25;25;330,79530932;393,333333096486;39,0166854292768;54,3447485014684;45,8852949919247;37,8292208193707
;26;26;331,11098754;317,142856838339;42,09748971069;59,9021595112819;44,6497321059207;42,6153736833718
;27;27;331,4080947;257,142856838339;45,2899437507631;65,5092027308479;43,7372576698062;47,3315606914038
;28;28;331,7208828;193,333333096486;50,3198821832498;73,4809832138529;43,2199925318;53,5477763416782
;29;29;332,0430124;157,499999777955;54,8183370872117;79,7297971572798;43,4365955363266;57,8946497850518
;30;30;332,37289816;125,999999822364;60,8882275808617;87,3279492224229;44,2057007931098;62,6002752186863
;31;31;332,7088388;106,666666548243;66,5007522885058;93,8171017674461;45,1401260538895;66,1762686248336
;32;32;333,28561344;80;78,8786327758467;107,434918605903;47,2395939635564;72,9412299544642
;33;33;333,6051144;65,9999998223643;89,28933900909;118,626739168418;48,8240654757952;78,1006862009017
;34;34;333,96097208;53,9999998223643;102,272534411567;132,627951124687;50,454888723219;84,4423005641566
;35;35;334,2717854;40;126,018994053422;158,652845309144;52,5898064433054;96,3843268506397
;36;36;334,54884856;29,9999998223643;153,747423249235;189,816021665742;54,0941019766236;111,318695308695
;37;37;334,83391536;25,7142856127796;170,996437407326;209,332043224883;54,7723867508456;120,748178929153
;38;38;335,13049172;20;202,254512516399;245,203581892355;55,5725996585591;138,628672141064
;39;39;335,41527812;17,1428568383388;223,971033461378;270,104594796259;56,0167613182819;150,975058537143
;40;40;335,69185808;12;282,675703308319;336,754744161482;57,0779957418177;183,025147109387
;41;41;335,95993096;9,99999982236431;319,682156992096;377,51443561715;57,8661438072086;200,79957071721
;42;42;336,24526584;8,57142841916941;353,541485500228;413,687855662104;58,7165978362047;214,816340050289
;43;43;336,56419124;5,99999982236432;452,711849873103;518,378750133023;60,8470669120575;252,524275217153
;44;44;336,92603704;4,99999973354647;516,860796817474;585,43720475956;61,9896673331977;274,939334090073
;45;45;337,33933536;3,74999980015985;644,874179029175;714,568280079913;64,4842412938662;307,806952679456
;46;46;337,80971604;3,15789458725416;734,563869488403;808,266051831255;65,3420283835682;337,209033368191
;47;47;338,3484138;2,49999986677324;888,492263368586;965,089048366667;67,0187128035355;376,800171458887
;48;48;338,98918192;1,99999982236431;1065,69427401176;1143,49377851441;68,7429607504466;414,576574156935
;49;49;339,73854792;1,5789471159914;1291,48147064419;1367,53716533473;70,8014888679303;449,703802023594
;50;50;340,63984096;1,24999993338662;1592,55158536715;1669,15079967674;72,5748306129191;499,843815612515
;51;51;341,7266772;0,999999733546472;1916,02566537637;1996,38181424326;73,6885344234888;560,701344621373
;52;52;348,92373498;0,794328163631598;2354,81721936906;2435,48502337077;75,2122846484127;621,629441408871
;53;53;359,8196398;0,630957334661811;2889,37562788985;2973,69204026133;76,323428485098;703,102290758431
;54;54;375,50775214;0,501187006056222;3543,83291527696;3631,63573833882;77,3753415813992;793,742026466616
;55;55;378,96974824;0,398107149667568;4355,79680011789;4449,80889419611;78,201510449949;909,853521699772
;56;56;383,00773424;0,316227757014633;5368,82822158126;5469,47926271885;78,9911479263093;1044,45532813239
;57;57;387,77994464;0,251188582572927;6616,42006228702;6726,94462171089;79,5994926407321;1214,40088229995
;58;58;393,48791948;0,199526085755936;8171,55643081361;8296,4460756004;80,0459204255857;1434,11400640746
;59;59;400,37669518;0,158489045074078;10085,5304528481;10227,7443504078;80,4341573234669;1699,65584221395
;60;60;408,75324748;0,125892186330241;12449,3093587618;12613,6028184274;80,7423508907053;2029,20490608609
;61;61;418,99651684;0,0999996536104142;15428,8770190057;15619,880315323;81,0306130597176;2435,24434039247
