Filename;Index;DataIndex;Frequency (Hz);Time (s);-Z'' (Ω);Z (Ω);-Phase (°);Z' (Ω)
C:\Users\gpnan\AppData\Local\Temp\EIS - OCP\2-EIS frequency scan-FrequencyScan.txt;1;1;1000249,99999982;69,54668405;1,24187720915979;4,06500117701304;17,788534048899;3,87065570239551
;2;2;794578,234724064;70,68668385;0,418082493192419;3,09220845258135;7,77048261163692;3,06381463915518
;3;3;631207,344479913;71,62888417;0,115005278257317;2,43343943480987;2,70882947058336;2,43072031893033
;4;4;501437,233627252;73,13448429;0,0189057748342948;1,97506532378475;0,54845661873294;1,97497483652194
;5;5;398357,170553439;74,29258351;0,0186467810043578;1,7328372781415;0,616562493546253;1,73273694774337
;6;6;316477,766016677;75,78728419;0,0302521000558214;1,59742283959168;1,0851361565249;1,59713635576032
;7;7;251438,643150781;76,68058453;0,0521683193109974;1,52190852570674;1,96438230612948;1,5210141442732
;8;8;199776,231496601;77,52098377;0,0759010794317947;1,4878392849993;2,92417335351061;1,48590200354139
;9;9;158489,319245876;78,70324793;0,0948436649047053;1,46595965707273;3,70947442661184;1,46288837420777
;10;10;125892,541179194;79,62518589;0,117972512182023;1,45152469098204;4,66185031075706;1,44672264615577
;11;11;100000;80,80248905;0,143422003242258;1,45294485449364;5,66496337721365;1,44584884382342
;12;12;79432,8234721399;82,42490019;0,174061249539042;1,45789656985313;6,85701694702233;1,44746851081411
;13;13;63095,7344477959;83,29307311;0,209174342256146;1,4668474577766;8,19839987559751;1,45185659034472
;14;14;50118,7233625298;84,55267559;0,255596996509567;1,48135142509588;9,93571445946025;1,45913406512523
;15;15;39810,7170550419;85,85459311;0,30478101861155;1,50359052165361;11,6950175637733;1,47237664593699
;16;16;31622,7766013657;87,51403287;0,369788197682525;1,53037599520697;13,9828972190698;1,48502773561993
;17;17;25118,8643150248;88,74472787;0,449071616246839;1,56547408256523;16,670051192857;1,49968122834984
;18;18;19952,6231495358;90,35574571;0,54778118132217;1,61249349647086;19,8592450634747;1,51659851429114
;19;19;15848,93192441;91,19015643;0,669630493823818;1,67644444671246;23,5428588575703;1,53689979655614
;20;20;12589,2541178838;92,75791435;0,820482065535376;1,76360892118882;27,7250454033791;1,56112959328545
;21;21;10000;94,32958403;1,0071943484475;1,88267325445466;32,342620299624;1,5906030703775
;22;22;7942,85714280639;95,20019897;1,23775360558252;2,04427226931298;37,2629546680927;1,62696500360318
;23;23;6309,99999982236;96,01826425;1,52227224949484;2,26128510724577;42,3136727098133;1,67215356192828
;24;24;5012,49999968914;96,79054189;1,87364378113432;2,54873531936617;47,3179363254701;1,72786304711955
;25;25;3980;97,68531901;2,30918352281787;2,92781147274268;52,0647824348642;1,79993096475119
;26;26;3162,85714280639;98,12355593;2,8419549056972;3,41278781473634;56,3809359335533;1,8895536463399
;27;27;2512,49999968914;98,67116041;3,49891039025986;4,03166733288775;60,2105467122362;2,00298965648998
;28;28;1993,33333309649;99,03413297;4,30906703940893;4,81605021306819;63,4738349799484;2,15087910043167
;29;29;1585,71428561278;99,77327339;5,2941797616009;5,78643680623883;66,1956687142106;2,33548957703751
;30;30;1253,99999982236;100,11314897;6,53397497264803;7,02530066539536;68,4446989230798;2,58108901357809
;31;31;1006,66666654824;100,47659269;7,94855271861637;8,45222490525047;70,1204431013673;2,87412865549069
;32;32;793,333333096486;100,95330649;9,81702239600535;10,352446487831;71,4921962098933;3,28621660268056
;33;33;629,999999822364;101,56574493;12,0307675093033;12,6174125612102;72,4596837170914;3,80259554474004
;34;34;506,666666548243;101,87846153;14,5493965956769;15,2069825787149;73,0889750541846;4,42350289375304
;35;35;393,333333096486;102,21658625;18,1030260104719;18,8812614295971;73,4925218524835;5,3649307951704
;36;36;317,142856838339;102,53496447;21,7775267644296;22,6861010013015;73,7296040660348;6,35598195921029
;37;37;257,142856838339;102,83237167;26,0144336730625;27,0959895591592;73,7570505795169;7,57904287228246
;38;38;193,333333096486;103,14795977;33,049026590685;34,4427850400469;73,6447286536018;9,69882893565344
;39;39;157,499999777955;103,47048937;39,1464076299424;40,8352804104548;73,4641467267236;11,6223446804363
;40;40;125,999999822364;103,80257509;46,9914627137821;49,0926730878373;73,1761504961882;14,2089050573396
;41;41;106,666666548243;104,16161577;53,7669586799038;56,2406980082233;72,9433355516076;16,4963713211628
;42;42;80;104,46764393;67,5611097794596;70,8317903607518;72,520538167686;21,2753136540287
;43;43;65,9999998223643;104,78024489;78,6386970040577;82,5393515075133;72,3151577954232;25,0738884257079
;44;44;53,9999998223643;105,12710257;91,9858953875542;96,6441507366498;72,1383518247809;29,6426537502672
;45;45;40;105,43941589;116,033048319986;121,998172127843;72,0089564339509;37,6813707301992
;46;46;29,9999998223643;105,71917905;145,290324459286;152,373503653829;72,4614407836072;45,9173848804431
;47;47;25,7142856127796;106,00644585;164,374248300018;172,023946640736;72,8490573504176;50,7281451825207
;48;48;20;106,30602221;200,441579342266;209,256743529308;73,3102585684962;60,0962393438109
;49;49;17,1428568383388;106,59210861;227,938274200245;237,625675389303;73,5834774167715;67,1573135171158
;50;50;12;106,87218857;308,118727343478;318,567021730625;75,2852083567761;80,9184601593246
;51;51;9,99999982236431;107,14176145;358,483371497701;369,665306651125;75,8716114164021;90,2336483863512
;52;52;8,57142841916941;107,44059633;411,429216327293;424,766687188141;75,6039902257726;105,606526773194
;53;53;5,99999982236432;107,76112173;557,818246448646;570,998169539136;77,665667759502;121,974233123236
;54;54;4,99999973354647;108,12566753;662,923768816213;678,338182374887;77,7621859204244;143,787226157868
;55;55;3,74999980015985;108,54796585;850,444601267722;870,975974570051;77,5347675171683;187,997682041125
;56;56;3,15789458725416;109,02314653;971,031781457205;987,202991937557;79,6151484102539;177,952315777319
;57;57;2,49999986677324;109,56314429;1206,9735598433;1234,9688585654;77,7770503328849;261,46301357078
;58;58;1,99999982236431;110,19691241;1446,2256058633;1471,61806257252;79,3409403597121;272,19702245808
;59;59;1,5789471159914;110,95767841;1874,05616611665;1902,66054095827;80,0523887457625;328,680118595217
;60;60;1,24999993338662;111,86237145;2362,38982652151;2399,51380804012;79,9082890402903;420,453115725032
;61;61;0,999999733546472;112,96170769;2689,41139121195;2728,4288355408;80,2987067377967;459,771986347475
;62;62;0,794328163631598;117,72993995;3426,87453589058;3467,30955113499;81,2412307060415;527,983369678085
;63;63;0,630957334661811;120,35046521;4232,13318722786;4276,80469422107;81,7115758296236;616,528245967634
;64;64;0,501187006056222;123,33932475;5224,82319625078;5282,0522843034;81,5581507071675;775,43465361984
;65;65;0,398107149667568;126,80512085;6489,12479303882;6560,8679494039;81,5190643360721;967,598919947826
;66;66;0,316227757014633;130,85350685;8118,33395231837;8198,23127632914;81,9943425388235;1141,77488972918
;67;67;0,251188582572927;135,62791725;10028,6103161774;10111,1015896585;82,6761725212614;1288,9338550344
;68;68;0,199526085755936;141,34589205;12487,3029551265;12618,5026738026;81,7305393645624;1814,9034783297
;69;69;0,158489045074078;148,23766779;15249,6884641766;15410,3635159859;81,7189867175014;2219,52820220611
;70;70;0,125892186330241;156,62492005;19367,7254524925;19657,3383946864;80,1526605288897;3361,86905754579
;71;71;0,0999996536104142;166,87148945;23425,9742737922;23792,9330788933;79,9241415481645;4162,6186253753
